100
1000
103
104
109
110
111
112
113
116
12
120
123
125
127
129
13
130
132
133
134
135
136
138
139
14
145
147
149
150
154
157
16
160
161
162
164
165
167
172
174
176
177
178
179
181
182
183
184
185
186
187
189
19
191
192
193
196
2
200
201
202
209
211
212
213
214
216
217
218
219
220
222
225
228
23
231
232
233
235
237
24
243
247
250
253
254
257
258
259
26
261
265
266
268
269
271
272
274
276
277
278
279
28
280
281
282
283
284
286
288
289
29
292
293
295
30
301
302
305
306
309
312
314
315
317
319
32
324
326
327
328
329
33
330
332
335
339
34
340
343
346
348
350
351
352
355
356
357
36
360
361
362
364
365
368
370
371
372
376
377
378
379
38
380
382
385
39
392
394
396
4
401
404
405
406
408
409
412
414
416
420
423
424
425
427
428
431
432
435
439
440
442
447
449
45
450
451
453
458
46
460
463
465
467
468
469
471
473
475
476
477
479
48
480
481
482
483
484
486
487
491
492
493
494
495
497
5
50
504
505
508
509
51
514
517
522
525
528
529
530
532
533
535
54
544
548
550
551
552
556
557
558
56
560
561
562
566
567
569
57
570
572
573
575
578
579
58
580
581
587
588
589
59
591
593
596
599
6
60
600
602
603
61
610
612
614
621
623
624
625
626
632
633
640
641
642
643
649
652
654
655
657
658
659
66
664
666
672
673
677
679
68
680
682
683
684
685
686
689
69
692
695
696
697
698
699
7
702
704
705
706
709
71
711
712
716
717
719
72
723
725
726
728
731
732
735
736
739
744
75
753
756
758
760
763
767
768
769
77
774
776
777
779
78
784
787
788
789
79
791
792
794
795
8
800
802
807
809
81
812
813
816
817
818
819
820
821
826
829
830
832
833
834
841
844
845
846
848
85
851
852
853
857
858
862
863
866
869
871
873
874
875
877
878
879
880
881
884
886
889
890
891
892
893
896
897
899
90
901
903
904
906
908
909
912
913
915
920
921
924
926
927
928
93
931
932
933
934
936
937
938
939
940
941
942
944
945
947
948
949
95
950
952
953
954
955
957
958
96
961
962
964
968
97
970
972
975
976
977
978
979
98
980
983
988
992
995
998
